[gd_scene load_steps=57 format=3 uid="uid://cjbnac03pd3qd"]

[ext_resource type="Texture2D" uid="uid://bgrxkyvd3cqx0" path="res://AllSkyFree/Skyboxes/AllSkyFree_Sky_EpicBlueSunset_Equirect.png" id="1_tcxxh"]
[ext_resource type="PackedScene" uid="uid://u1oag7kvh8se" path="res://scenes/dream_grid_representation.tscn" id="2_76xsc"]
[ext_resource type="AudioStream" uid="uid://deqyihaddcvn7" path="res://sounds/forest_ambience.ogg" id="3_pfj6r"]
[ext_resource type="PackedScene" uid="uid://bhs0hsqqfyrkg" path="res://scenes/interactables/direction_trigger.tscn" id="4_54bot"]
[ext_resource type="PackedScene" uid="uid://2vxbufrwivfy" path="res://scenes/props/gradient_box.tscn" id="5_upyvu"]
[ext_resource type="PackedScene" uid="uid://btmldfxcfpybj" path="res://scenes/props/distortion_bubble.tscn" id="6_ny7u3"]
[ext_resource type="Shader" path="res://shaders/bubbleDistortion.gdshader" id="7_j2wvk"]
[ext_resource type="Texture2D" uid="uid://b7efira1k2rsk" path="res://textures/vignette.png" id="7_rgv1n"]
[ext_resource type="PackedScene" uid="uid://dv2mfrpn0x5md" path="res://scenes/dream_condition.tscn" id="9_dvyyt"]
[ext_resource type="PackedScene" uid="uid://1il5btkm7phy" path="res://sourceModels/firTreeDowned.glb" id="10_r8t6s"]
[ext_resource type="Texture2D" uid="uid://6metdhui2wfa" path="res://textures/billboard_items/generic_lock.png" id="11_ck4eg"]
[ext_resource type="Script" path="res://scenes/interactables/HoverItem.gd" id="12_2upe7"]
[ext_resource type="Texture2D" uid="uid://ba2htbu4wk0rd" path="res://sourceModels/Forest/fence.png" id="12_d782b"]
[ext_resource type="PackedScene" uid="uid://cy2xa1bl7xp6i" path="res://sourceModels/Forest/FencePillarSign.glb" id="13_0yk10"]
[ext_resource type="PackedScene" uid="uid://c2tu4ks6lbr0u" path="res://sourceModels/Forest/FencePillar.glb" id="14_3eome"]
[ext_resource type="PackedScene" uid="uid://cikt2vicc06wx" path="res://scenes/interactables/prompt_without_interaction.tscn" id="14_e5nqe"]
[ext_resource type="PackedScene" uid="uid://b2uisjwpcaqs8" path="res://sourceModels/Forest/FencePost.glb" id="15_jefmo"]
[ext_resource type="AudioStream" uid="uid://cpe6eouhlbt0y" path="res://sounds/generic/cant_interact.ogg" id="15_ujit5"]
[ext_resource type="PackedScene" uid="uid://dwb8n4ceda6ug" path="res://sourceModels/Forest/FenceBars.glb" id="16_5nr3v"]
[ext_resource type="PackedScene" uid="uid://c88knq7ek0x5y" path="res://sourceModels/Forest/ForestBench.glb" id="17_0c678"]
[ext_resource type="PackedScene" uid="uid://cm5srrepm42b4" path="res://scenes/interactables/key_object.tscn" id="18_urbbx"]
[ext_resource type="PackedScene" uid="uid://bh34qkxql6bh" path="res://sourceModels/Forest/ForestBench2.glb" id="19_rgyvn"]
[ext_resource type="Script" path="res://scenes/interactables/forced_transition_trigger.gd" id="20_yyrqs"]
[ext_resource type="Script" path="res://scenes/scenes/DreamScenes/CollisionVisuals.gd" id="21_71h3e"]
[ext_resource type="PackedScene" uid="uid://oemojq2461ft" path="res://scenes/chasing_enemy_final.tscn" id="22_np557"]
[ext_resource type="PackedScene" uid="uid://b172igsx8qh8f" path="res://models/forest_end.tscn" id="23_j7tja"]

[sub_resource type="PanoramaSkyMaterial" id="PanoramaSkyMaterial_ho3ki"]
panorama = ExtResource("1_tcxxh")

[sub_resource type="Sky" id="Sky_2tymr"]
sky_material = SubResource("PanoramaSkyMaterial_ho3ki")

[sub_resource type="Environment" id="Environment_dp0tb"]
background_mode = 2
sky = SubResource("Sky_2tymr")
ambient_light_source = 2
ambient_light_color = Color(0, 0.243137, 0.490196, 1)
tonemap_white = 0.25
sdfgi_enabled = true
glow_enabled = true
glow_bloom = 0.21
fog_enabled = true
fog_light_color = Color(0.261719, 0.675781, 0.972656, 1)
fog_light_energy = 2.18
fog_sun_scatter = 0.15
fog_density = 0.007
fog_aerial_perspective = 0.765
adjustment_enabled = true
adjustment_brightness = 1.1
adjustment_contrast = 1.2
adjustment_saturation = 1.1

[sub_resource type="FastNoiseLite" id="FastNoiseLite_ujr4y"]

[sub_resource type="NoiseTexture2D" id="NoiseTexture2D_ohmkj"]
noise = SubResource("FastNoiseLite_ujr4y")

[sub_resource type="StandardMaterial3D" id="StandardMaterial3D_m0d0y"]
albedo_color = Color(0.364706, 0.32549, 0.294118, 1)
albedo_texture = SubResource("NoiseTexture2D_ohmkj")

[sub_resource type="StandardMaterial3D" id="StandardMaterial3D_e7q65"]
albedo_color = Color(0.364706, 0.32549, 0.294118, 1)
albedo_texture = SubResource("NoiseTexture2D_ohmkj")

[sub_resource type="StandardMaterial3D" id="StandardMaterial3D_xtsqx"]
albedo_color = Color(0.364706, 0.32549, 0.294118, 1)
albedo_texture = SubResource("NoiseTexture2D_ohmkj")

[sub_resource type="StandardMaterial3D" id="StandardMaterial3D_ckpgi"]
albedo_color = Color(0.364706, 0.32549, 0.294118, 1)
albedo_texture = SubResource("NoiseTexture2D_ohmkj")

[sub_resource type="CylinderShape3D" id="CylinderShape3D_em2nc"]
height = 1.0
radius = 2.5

[sub_resource type="SphereMesh" id="SphereMesh_ddgug"]
radius = 1.0
is_hemisphere = true

[sub_resource type="FastNoiseLite" id="FastNoiseLite_iorx3"]
noise_type = 3
frequency = 0.0072
fractal_type = 2

[sub_resource type="NoiseTexture2D" id="NoiseTexture2D_7mi23"]
seamless = true
noise = SubResource("FastNoiseLite_iorx3")

[sub_resource type="ShaderMaterial" id="ShaderMaterial_h68g6"]
render_priority = 0
shader = ExtResource("7_j2wvk")
shader_parameter/distortionView = 0.155
shader_parameter/speedView = 0.1
shader_parameter/static_intensity = 0.0
shader_parameter/tintColor = Color(1, 1, 1, 1)
shader_parameter/fesnelAmount = 0.91
shader_parameter/fresnelTintOffset = -1.0
shader_parameter/distortionVertex = 0.045
shader_parameter/speedVertex = 0.1
shader_parameter/noiseViewX = SubResource("NoiseTexture2D_7mi23")
shader_parameter/noiseViewY = SubResource("NoiseTexture2D_7mi23")
shader_parameter/noiseVertex = SubResource("NoiseTexture2D_7mi23")

[sub_resource type="StandardMaterial3D" id="StandardMaterial3D_g5tff"]
transparency = 1
blend_mode = 2
albedo_texture = ExtResource("7_rgv1n")
refraction_scale = -1.0
refraction_texture = ExtResource("7_rgv1n")
billboard_mode = 1
billboard_keep_scale = true

[sub_resource type="StandardMaterial3D" id="StandardMaterial3D_qkyab"]
transparency = 1
albedo_texture = ExtResource("12_d782b")
texture_filter = 2

[sub_resource type="QuadMesh" id="QuadMesh_qt4pm"]
material = SubResource("StandardMaterial3D_qkyab")
size = Vector2(2.2, 1.8)
orientation = 0

[sub_resource type="StandardMaterial3D" id="StandardMaterial3D_bl2jp"]
transparency = 1
albedo_color = Color(0.0666667, 0.0666667, 0.0666667, 1)
albedo_texture = ExtResource("12_d782b")
texture_filter = 2

[sub_resource type="QuadMesh" id="QuadMesh_wfub1"]
material = SubResource("StandardMaterial3D_bl2jp")
size = Vector2(2.2, 1.8)
orientation = 0

[sub_resource type="CylinderShape3D" id="CylinderShape3D_tupvn"]
height = 0.2
radius = 1.0

[sub_resource type="BoxShape3D" id="BoxShape3D_adqmb"]
size = Vector3(0.4, 1, 1.4)

[sub_resource type="BoxShape3D" id="BoxShape3D_snghy"]
size = Vector3(100, 30, 4)

[sub_resource type="FastNoiseLite" id="FastNoiseLite_slpjc"]
noise_type = 3
frequency = 0.0072
fractal_type = 2

[sub_resource type="NoiseTexture2D" id="NoiseTexture2D_3dcqk"]
seamless = true
noise = SubResource("FastNoiseLite_slpjc")

[sub_resource type="ShaderMaterial" id="ShaderMaterial_nhtsf"]
resource_local_to_scene = true
render_priority = 0
shader = ExtResource("7_j2wvk")
shader_parameter/distortionView = 0.125
shader_parameter/speedView = 0.113
shader_parameter/static_intensity = 0.95
shader_parameter/tintColor = Color(1, 0.235294, 0.180392, 1)
shader_parameter/fesnelAmount = 0.05
shader_parameter/fresnelTintOffset = -1.0
shader_parameter/distortionVertex = 0.0
shader_parameter/speedVertex = 0.1
shader_parameter/noiseViewX = SubResource("NoiseTexture2D_3dcqk")
shader_parameter/noiseViewY = SubResource("NoiseTexture2D_3dcqk")
shader_parameter/noiseVertex = SubResource("NoiseTexture2D_3dcqk")

[sub_resource type="BoxShape3D" id="BoxShape3D_d52nd"]
size = Vector3(6, 6, 20)

[sub_resource type="ShaderMaterial" id="ShaderMaterial_srk7p"]
resource_local_to_scene = true
render_priority = 0
shader = ExtResource("7_j2wvk")
shader_parameter/distortionView = 0.125
shader_parameter/speedView = 0.113
shader_parameter/static_intensity = 0.95
shader_parameter/tintColor = Color(1, 0.235294, 0.180392, 1)
shader_parameter/fesnelAmount = 0.05
shader_parameter/fresnelTintOffset = -1.0
shader_parameter/distortionVertex = 0.0
shader_parameter/speedVertex = 0.1
shader_parameter/noiseViewX = SubResource("NoiseTexture2D_3dcqk")
shader_parameter/noiseViewY = SubResource("NoiseTexture2D_3dcqk")
shader_parameter/noiseVertex = SubResource("NoiseTexture2D_3dcqk")

[sub_resource type="SphereShape3D" id="SphereShape3D_rymmx"]
radius = 9.0

[sub_resource type="ShaderMaterial" id="ShaderMaterial_1hkmi"]
resource_local_to_scene = true
render_priority = 0
shader = ExtResource("7_j2wvk")
shader_parameter/distortionView = 0.125
shader_parameter/speedView = 0.113
shader_parameter/static_intensity = 0.95
shader_parameter/tintColor = Color(1, 0.235294, 0.180392, 1)
shader_parameter/fesnelAmount = 0.05
shader_parameter/fresnelTintOffset = -1.0
shader_parameter/distortionVertex = 0.0
shader_parameter/speedVertex = 0.1
shader_parameter/noiseViewX = SubResource("NoiseTexture2D_3dcqk")
shader_parameter/noiseViewY = SubResource("NoiseTexture2D_3dcqk")
shader_parameter/noiseVertex = SubResource("NoiseTexture2D_3dcqk")

[sub_resource type="SphereShape3D" id="SphereShape3D_qg7ex"]
radius = 10.0

[node name="Forest" type="Node3D"]

[node name="DirectionalLight3D" type="DirectionalLight3D" parent="."]
transform = Transform3D(-0.866023, -0.433016, 0.250001, 0, 0.499998, 0.866027, -0.500003, 0.749999, -0.43301, 0, 0, 0)
shadow_enabled = true

[node name="WorldEnvironment" type="WorldEnvironment" parent="."]
environment = SubResource("Environment_dp0tb")

[node name="PlayerSpawnUp" type="Node3D" parent="."]
transform = Transform3D(0.957047, 0, -0.289934, 0, 1, 0, 0.289934, 0, 0.957047, 21.2701, 0.48868, -50.7565)

[node name="PlayerSpawnDown" type="Node3D" parent="."]
transform = Transform3D(-0.771036, 0, 0.636791, 0, 1, 0, -0.636791, 0, -0.771036, -19.7357, 0.381143, 49.2731)

[node name="PlayerSpawnRight" type="Node3D" parent="."]
transform = Transform3D(0.782097, 0, -0.623156, 0, 1, 0, 0.623156, 0, 0.782097, 53.6623, -2.65048, -2.11364)

[node name="PlayerSpawnLeft" type="Node3D" parent="."]
transform = Transform3D(-0.566536, 0, 0.824037, 0, 1, 0, -0.824037, 0, -0.566536, -52.747, 2.92876, 12.0053)

[node name="CSGBox3D" type="CSGBox3D" parent="."]
transform = Transform3D(2, 0, 0, 0, 2, 0, 0, 0, 2, 1, 1.617, 5.26963)
size = Vector3(1.1, 1.1, 0.15)
material = SubResource("StandardMaterial3D_m0d0y")

[node name="CSGBox3D2" type="CSGBox3D" parent="CSGBox3D"]
transform = Transform3D(1, 0, 0, 0, 1, 0, 0, 0, 1, 0, 0, -0.2)
operation = 2
size = Vector3(1, 1, 0.45)
material = SubResource("StandardMaterial3D_e7q65")

[node name="CSGBox3D3" type="CSGBox3D" parent="CSGBox3D"]
transform = Transform3D(1, 0, 0, 0, 1, 0, 0, 0, 1, 0.525, -1, 0)
size = Vector3(0.05, 1.1, 0.15)
material = SubResource("StandardMaterial3D_xtsqx")

[node name="CSGBox3D4" type="CSGBox3D" parent="CSGBox3D"]
transform = Transform3D(1, 0, 0, 0, 1, 0, 0, 0, 1, -0.525, -1, 0)
size = Vector3(0.05, 1.1, 0.15)
material = SubResource("StandardMaterial3D_ckpgi")

[node name="DreamGridRepresentation" parent="." instance=ExtResource("2_76xsc")]
transform = Transform3D(1.4, 0, 0, 0, 1.4, 0, 0, 0, 1.4, 1, 1.637, 5.26963)

[node name="AmbientSound" type="AudioStreamPlayer3D" parent="."]
transform = Transform3D(1, 0, 0, 0, 1, 0, 0, 0, 1, 0, 2, -10)
stream = ExtResource("3_pfj6r")
attenuation_model = 3
volume_db = -14.0
unit_size = 100.0
autoplay = true
panning_strength = 0.4
bus = &"SFX"

[node name="SceneTrigger" parent="." instance=ExtResource("4_54bot")]
transform = Transform3D(-0.999975, 0, 0.00708535, 0, 1, 0, -0.00708535, 0, -0.999975, -8.24107, 0.180722, 21.761)
grid_direction = Vector2i(0, -1)
proximity_trigger = true
show_mesh = false
show_arrow = false
start_dist = 5.0

[node name="CollisionShape3D" parent="SceneTrigger/ProximityTrigger" index="0"]
transform = Transform3D(1, 4.19095e-09, 0, 0, -4.37114e-08, -1, -4.19095e-09, 1, -4.37114e-08, 0, -0.741042, 0.00240517)
shape = SubResource("CylinderShape3D_em2nc")

[node name="GradientBox" parent="SceneTrigger" instance=ExtResource("5_upyvu")]
transform = Transform3D(-3.49691e-07, 0, 3, 0, 3, 0, -8, 0, -1.31134e-07, 0, -0.7, 5)
visible = false

[node name="DistortionBubble2" type="Node3D" parent="SceneTrigger"]
transform = Transform3D(3.28092, 0, 1.86265e-09, 0, 3.28092, 0, 7.45058e-09, 0, 2.81241, 0, -0.240483, -2.78224)

[node name="MeshInstance3D" type="MeshInstance3D" parent="SceneTrigger/DistortionBubble2"]
mesh = SubResource("SphereMesh_ddgug")
surface_material_override/0 = SubResource("ShaderMaterial_h68g6")

[node name="Sprite3D" type="Sprite3D" parent="SceneTrigger/DistortionBubble2"]
transform = Transform3D(2, 0, 0, 0, 2, 0, 0, 0, 2, 0, 0, 0)
visible = false
material_override = SubResource("StandardMaterial3D_g5tff")
cast_shadow = 0
billboard = 1
texture = ExtResource("7_rgv1n")

[node name="SceneTrigger2" parent="." instance=ExtResource("4_54bot")]
transform = Transform3D(0.0305561, 0, -0.999533, 0, 1, 0, 0.999533, 0, 0.0305561, 58.0111, -2.8744, -4.22516)
grid_direction = Vector2i(-1, 0)
proximity_trigger = true
show_mesh = false
show_arrow = false
start_dist = 5.0

[node name="GradientBox" parent="SceneTrigger2" instance=ExtResource("5_upyvu")]
transform = Transform3D(-3.49691e-07, 0, 3, 0, 3, 0, -8, 0, -1.31134e-07, 0, -0.7, 5)
visible = false

[node name="DistortionBubble2" parent="SceneTrigger2" instance=ExtResource("6_ny7u3")]
transform = Transform3D(7, 0, -1.49012e-08, 0, 7, 0, 0, 0, 6, 7.15256e-07, -0.240483, -5.76582)

[node name="SceneTrigger3" parent="." instance=ExtResource("4_54bot")]
transform = Transform3D(0.938932, 0, -0.344102, 0, 1, 0, 0.344102, 0, 0.938932, 22.8099, 0.3282, -55.169)
proximity_trigger = true
show_mesh = false
show_arrow = false
start_dist = 5.0

[node name="GradientBox" parent="SceneTrigger3" instance=ExtResource("5_upyvu")]
transform = Transform3D(-3.49691e-07, 0, 3, 0, 3, 0, -8, 0, -1.31134e-07, 0, -0.7, 3.41252)
visible = false

[node name="DistortionBubble2" parent="SceneTrigger3" instance=ExtResource("6_ny7u3")]
transform = Transform3D(7, 0, 0, 0, 7, 0, 0, 0, 6, 0, -0.240483, -5.76582)

[node name="SceneTrigger4" parent="." instance=ExtResource("4_54bot")]
transform = Transform3D(-0.293623, 0, 0.955921, 0, 1, 0, -0.955921, 0, -0.293623, -55.8748, 2.44003, 13.944)
grid_direction = Vector2i(1, 0)
proximity_trigger = true
show_mesh = false
show_arrow = false
start_dist = 5.0

[node name="GradientBox" parent="SceneTrigger4" instance=ExtResource("5_upyvu")]
transform = Transform3D(-3.49691e-07, 0, 3, 0, 3, 0, -8, 0, -1.31134e-07, 0, -0.7, 5)
visible = false

[node name="DistortionBubble2" parent="SceneTrigger4" instance=ExtResource("6_ny7u3")]
transform = Transform3D(7, 0, 0, 0, 7, 0, 0, 0, 6, 0, -0.240483, -5.76582)

[node name="DreamCondition" parent="." instance=ExtResource("9_dvyyt")]
transform = Transform3D(0.994952, -0.102673, 2.82834, 0, 2.99803, 0.108832, -2.83021, -0.0360943, 0.994297, 1.2242, -0.0470739, -13.1966)
require_down = true
destroy_on_pass = true

[node name="firTreeDowned2" parent="DreamCondition" instance=ExtResource("10_r8t6s")]
transform = Transform3D(1, 9.31323e-10, -5.96046e-08, 0, 1, 9.31323e-10, 0, 3.25963e-09, 1, 0, 0, 0)

[node name="DreamConditionGoal" parent="." instance=ExtResource("9_dvyyt")]
transform = Transform3D(0.323998, 0, 2.98245, 0, 3, 0, -2.98246, 0, 0.323998, -7.73594, 1.2633, 16.6992)
required_key = "forestKey"
require_up = true
destroy_on_pass = true
required_position = Vector2i(2, 1)

[node name="Sprite3D" type="Sprite3D" parent="DreamConditionGoal"]
transform = Transform3D(1, 1.86265e-09, -2.38419e-07, 0, 1, -8.84756e-09, 0, 3.25963e-09, 1, -0.00114584, 0.0618326, -0.0127361)
pixel_size = 0.0025
billboard = 2
shaded = true
texture_filter = 4
texture = ExtResource("11_ck4eg")
script = ExtResource("12_2upe7")
bob_amount = 0.01

[node name="MeshInstance3D" type="MeshInstance3D" parent="DreamConditionGoal"]
transform = Transform3D(1, 0, -1.49012e-08, 0, 1, 0, 0, 0, 1, -0.288992, -0.325486, 1.19209e-07)
mesh = SubResource("QuadMesh_qt4pm")

[node name="MeshInstance3D2" type="MeshInstance3D" parent="DreamConditionGoal"]
transform = Transform3D(1, 0, -1.49012e-08, 0, 1, 0, 0, 0, 1, -0.30008, -0.325486, -1.19209e-07)
mesh = SubResource("QuadMesh_wfub1")

[node name="StaticBody3D" type="StaticBody3D" parent="DreamConditionGoal"]

[node name="CollisionShape3D" type="CollisionShape3D" parent="DreamConditionGoal/StaticBody3D"]
transform = Transform3D(-4.37114e-08, 1, -1.49012e-08, -1, -4.37114e-08, 0, -1.77636e-15, 0, 1, -0.326086, -0.400877, 0)
shape = SubResource("CylinderShape3D_tupvn")

[node name="InvalidInteraction" parent="DreamConditionGoal" instance=ExtResource("14_e5nqe")]
transform = Transform3D(1, 0, -1.49012e-08, 0, 1, 0, 0, 0, 1, -0.0690584, 0, 0)
interact_prompt = "the gate is locked"
interact_sound = ExtResource("15_ujit5")

[node name="CollisionShape3D" type="CollisionShape3D" parent="DreamConditionGoal/InvalidInteraction"]
transform = Transform3D(1, 0, 0, 0, 1, 0, 0, 0, 1, 0.00443602, 0, 1.19209e-07)
shape = SubResource("BoxShape3D_adqmb")

[node name="RightFences" type="Node3D" parent="."]

[node name="FencePillarSign" parent="RightFences" instance=ExtResource("13_0yk10")]
transform = Transform3D(0.0791724, 0, 0.996861, 0, 1, 0, -0.996861, 0, 0.0791724, -10.5968, -0.28909, -0.530688)

[node name="FencePillar" parent="RightFences" instance=ExtResource("14_3eome")]
transform = Transform3D(0.965926, 0, 0.258819, 0, 1, 0, -0.258819, 0, 0.965926, -10.6169, -0.311409, 0.985122)

[node name="FencePost" parent="RightFences" instance=ExtResource("15_jefmo")]
transform = Transform3D(0.866025, 0, 0.5, 0, 1, 0, -0.5, 0, 0.866025, -8.93479, -0.254571, 5.0367)

[node name="FencePost8" parent="RightFences" instance=ExtResource("15_jefmo")]
transform = Transform3D(0.939693, 0, 0.34202, 0, 1, 0, -0.34202, 0, 0.939693, -10.0348, -0.254571, 3.13145)

[node name="FencePost2" parent="RightFences" instance=ExtResource("15_jefmo")]
transform = Transform3D(0.984808, 0, 0.173648, 0, 1, 0, -0.173648, 0, 0.984808, -8.5465, -0.255, 7.06181)

[node name="FenceBars" parent="RightFences" instance=ExtResource("16_5nr3v")]
transform = Transform3D(0.258819, 0, -0.965926, 0, 1, 0, 0.965926, 0, 0.258819, -10.0711, -0.143894, 3.01616)

[node name="FenceBars8" parent="RightFences" instance=ExtResource("16_5nr3v")]
transform = Transform3D(-0.0272287, 0, -0.999239, 0, 1, 0, 0.69736, 0, -0.0390157, -10.6414, -0.143894, 0.887574)

[node name="DreamCondition" parent="RightFences" instance=ExtResource("9_dvyyt")]
transform = Transform3D(-0.15284, 0, -0.992036, 0, 1, 0, 1.20377, 0, -0.125957, -10.6321, -0.143894, -0.590285)
require_right = true
destroy_on_pass = true

[node name="DreamFence" parent="RightFences/DreamCondition" instance=ExtResource("16_5nr3v")]

[node name="FenceBars4" parent="RightFences" instance=ExtResource("16_5nr3v")]
transform = Transform3D(0.85406, 0, 0.520175, 0, 1, 0, -0.520175, 0, 0.85406, -10.3841, -0.143894, -3.00316)

[node name="FenceBars2" parent="RightFences" instance=ExtResource("16_5nr3v")]
transform = Transform3D(-0.5, 0, 0.866025, 0, 1, 0, -0.866025, 0, -0.5, -10.0104, -0.143894, 3.24251)

[node name="FenceBars3" parent="RightFences" instance=ExtResource("16_5nr3v")]
transform = Transform3D(-0.173648, 0, 0.984808, 0, 1, 0, -0.984808, 0, -0.173648, -8.89459, -0.143894, 5.05568)

[node name="FencePost3" parent="RightFences" instance=ExtResource("15_jefmo")]
transform = Transform3D(0.768306, 0, -0.640083, 0, 1, 0, 0.640083, 0, 0.768306, -8.59811, -0.254571, -4.08518)

[node name="FencePost5" parent="RightFences" instance=ExtResource("15_jefmo")]
transform = Transform3D(0.645484, 0, -0.763774, 0, 1, 0, 0.763774, 0, 0.645484, -6.97537, -0.254571, -5.5033)

[node name="FencePost6" parent="RightFences" instance=ExtResource("15_jefmo")]
transform = Transform3D(0.709595, 0, -0.704609, 0, 1, 0, 0.704609, 0, 0.709595, -5.35799, -0.254571, -7.07502)

[node name="FencePost4" parent="RightFences" instance=ExtResource("15_jefmo")]
transform = Transform3D(0.50305, 0, -0.864257, 0, 1, 0, 0.864257, 0, 0.50305, -10.3645, -0.255, -3.02145)

[node name="FencePost7" parent="RightFences" instance=ExtResource("15_jefmo")]
transform = Transform3D(0.50305, 0, -0.864257, 0, 1, 0, 0.864257, 0, 0.50305, -12.0932, -0.255, -1.9629)

[node name="FenceBars5" parent="RightFences" instance=ExtResource("16_5nr3v")]
transform = Transform3D(0.763773, 0, 0.645484, 0, 1, 0, -0.645484, 0, 0.763773, -7.04259, -0.143894, -5.42653)

[node name="FenceBars7" parent="RightFences" instance=ExtResource("16_5nr3v")]
transform = Transform3D(-0.704609, 0, -0.709596, 0, 1, 0, 0.709596, 0, -0.704609, -6.81345, -0.143894, -5.62017)

[node name="FenceBars6" parent="RightFences" instance=ExtResource("16_5nr3v")]
transform = Transform3D(0.864257, 0, 0.50305, 0, 1, 0, -0.50305, 0, 0.864257, -8.60204, -0.143894, -4.04091)

[node name="LeftFences" type="Node3D" parent="."]
transform = Transform3D(-1, 0, -8.74228e-08, 0, 1, 0, 8.74228e-08, 0, -1, -4.06851, 0, 0.278233)

[node name="FencePillarSign" parent="LeftFences" instance=ExtResource("13_0yk10")]
transform = Transform3D(0.0791724, 0, 0.996861, 0, 1, 0, -0.996861, 0, 0.0791724, -10.5968, -0.28909, -0.530688)

[node name="FencePillar" parent="LeftFences" instance=ExtResource("14_3eome")]
transform = Transform3D(0.965926, 0, 0.258819, 0, 1, 0, -0.258819, 0, 0.965926, -10.6169, -0.311409, 0.985122)

[node name="FencePost" parent="LeftFences" instance=ExtResource("15_jefmo")]
transform = Transform3D(0.967718, 0, 0.252036, 0, 1, 0, -0.252036, 0, 0.967718, -8.93479, -0.254571, 5.0367)

[node name="FencePost8" parent="LeftFences" instance=ExtResource("15_jefmo")]
transform = Transform3D(0.939693, 0, 0.34202, 0, 1, 0, -0.34202, 0, 0.939693, -9.39484, -0.254571, 2.89852)

[node name="FencePost2" parent="LeftFences" instance=ExtResource("15_jefmo")]
transform = Transform3D(0.984808, 0, 0.173648, 0, 1, 0, -0.173648, 0, 0.984808, -8.5465, -0.255, 7.06181)

[node name="FenceBars" parent="LeftFences" instance=ExtResource("16_5nr3v")]
transform = Transform3D(0.616555, 0, -0.828109, 0, 1, 0, 0.91082, 0, 0.560567, -9.39871, -0.143894, 2.83599)

[node name="FenceBars8" parent="LeftFences" instance=ExtResource("16_5nr3v")]
transform = Transform3D(-0.0272287, 0, -0.999239, 0, 1, 0, 0.69736, 0, -0.0390157, -10.6414, -0.143894, 0.887574)

[node name="DreamCondition" parent="LeftFences" instance=ExtResource("9_dvyyt")]
transform = Transform3D(-0.15284, 0, -0.992036, 0, 1, 0, 1.20377, 0, -0.125957, -10.6321, -0.143894, -0.590285)
require_left = true
destroy_on_pass = true

[node name="FenceBars9" parent="LeftFences/DreamCondition" instance=ExtResource("16_5nr3v")]

[node name="FenceBars4" parent="LeftFences" instance=ExtResource("16_5nr3v")]
transform = Transform3D(0.85406, 0, 0.520175, 0, 1, 0, -0.520175, 0, 0.85406, -10.3841, -0.143894, -3.00316)

[node name="FenceBars2" parent="LeftFences" instance=ExtResource("16_5nr3v")]
transform = Transform3D(-0.233286, 0, 0.976216, 0, 1, 0, -1.05046, 0, -0.216798, -9.38157, -0.143894, 2.87945)

[node name="FenceBars3" parent="LeftFences" instance=ExtResource("16_5nr3v")]
transform = Transform3D(-0.173648, 0, 0.984808, 0, 1, 0, -0.984808, 0, -0.173648, -8.89459, -0.143894, 5.05568)

[node name="FencePost3" parent="LeftFences" instance=ExtResource("15_jefmo")]
transform = Transform3D(0.768306, 0, -0.640083, 0, 1, 0, 0.640083, 0, 0.768306, -8.59811, -0.254571, -4.08518)

[node name="FencePost5" parent="LeftFences" instance=ExtResource("15_jefmo")]
transform = Transform3D(0.744777, 0, -0.667313, 0, 1, 0, 0.667313, 0, 0.744777, -7.19834, -0.254571, -5.67308)

[node name="FencePost6" parent="LeftFences" instance=ExtResource("15_jefmo")]
transform = Transform3D(0.625365, 0, -0.780332, 0, 1, 0, 0.780332, 0, 0.625365, -5.62778, -0.254571, -7.09114)

[node name="FencePost4" parent="LeftFences" instance=ExtResource("15_jefmo")]
transform = Transform3D(0.50305, 0, -0.864257, 0, 1, 0, 0.864257, 0, 0.50305, -10.3645, -0.255, -3.02145)

[node name="FencePost7" parent="LeftFences" instance=ExtResource("15_jefmo")]
transform = Transform3D(0.50305, 0, -0.864257, 0, 1, 0, 0.864257, 0, 0.50305, -12.0932, -0.255, -1.9629)

[node name="FenceBars5" parent="LeftFences" instance=ExtResource("16_5nr3v")]
transform = Transform3D(0.667312, 0, 0.744777, 0, 1, 0, -0.744777, 0, 0.667312, -7.23177, -0.143894, -5.64004)

[node name="FenceBars7" parent="LeftFences" instance=ExtResource("16_5nr3v")]
transform = Transform3D(-0.745557, 0, -0.666442, 0, 1, 0, 0.666442, 0, -0.745557, -7.16916, -0.143894, -5.71514)

[node name="FenceBars6" parent="LeftFences" instance=ExtResource("16_5nr3v")]
transform = Transform3D(0.864257, 0, 0.50305, 0, 1, 0, -0.50305, 0, 0.864257, -8.60204, -0.143894, -4.04091)

[node name="ForestBench" parent="." instance=ExtResource("17_0c678")]
transform = Transform3D(0.986572, 0, -0.163326, 0, 1, 0, 0.163326, 0, 0.986572, -4.22825, -0.0747477, -3.38152)

[node name="ForestBench2" parent="." instance=ExtResource("17_0c678")]
transform = Transform3D(0.986572, 0, -0.163326, 0, 1, 0, 0.163326, 0, 0.986572, -1.05308, -0.0747477, -2.85587)

[node name="DreamCondition3" parent="." instance=ExtResource("9_dvyyt")]
transform = Transform3D(0.992317, 0, -0.123723, 0, 1, 0, 0.123723, 0, 0.992317, -1.01359, 0.937529, -4.06933)
required_key = "forestKey"
destroy_on_pass = true
required_position = Vector2i(0, 0)

[node name="KeyObject" parent="DreamCondition3" instance=ExtResource("18_urbbx")]
transform = Transform3D(1, 0, 0, 0, 1, 0, 0, 0, 1, -5.96046e-07, -0.0493599, 0.155874)
key = "forestKey"

[node name="ForestBench3" parent="." instance=ExtResource("19_rgyvn")]
transform = Transform3D(-0.154572, 0, -0.987981, 0, 1, 0, 0.987981, 0, -0.154572, 30.8149, -0.0990523, 6.42006)

[node name="ForestBench4" parent="." instance=ExtResource("19_rgyvn")]
transform = Transform3D(0.862593, 0, -0.505898, 0, 1, 0, 0.505898, 0, 0.862593, -47.4351, 1.52444, 8.28543)

[node name="ForestBench5" parent="." instance=ExtResource("19_rgyvn")]
transform = Transform3D(0.991216, 0, -0.132256, 0, 1, 0, 0.132256, 0, 0.991216, -7.42476, -0.0244879, 33.3555)

[node name="ForestBench6" parent="." instance=ExtResource("19_rgyvn")]
transform = Transform3D(0.998687, 0, -0.0512204, 0, 1, 0, 0.0512204, 0, 0.998687, -7.70565, -0.0244881, 36.4067)

[node name="ForestBench7" parent="." instance=ExtResource("17_0c678")]
transform = Transform3D(0.175708, -0.00692914, -0.984418, 0.0749014, 0.997171, 0.00635021, 0.981589, -0.0748501, 0.17573, 16.1346, 1.58575, -41.0029)

[node name="ForestBench9" parent="." instance=ExtResource("17_0c678")]
transform = Transform3D(0.175708, 0.0360858, -0.983781, 0.0749014, 0.995941, 0.0499097, 0.981589, -0.0824562, 0.172292, 15.6425, 1.32339, -43.196)

[node name="ForestBench8" parent="." instance=ExtResource("19_rgyvn")]
transform = Transform3D(0.994602, -0.00297752, 0.103724, 0.00376882, 0.999965, -0.0074336, -0.103699, 0.00778438, 0.994578, 23.3032, 1.58589, -38.8981)

[node name="DistortionBubble" parent="." instance=ExtResource("6_ny7u3")]
transform = Transform3D(7.64737, 0, -2.34899, 0, 8, 0, 2.34899, 0, 7.64737, 25.0532, -0.130844, -62.1122)
visible = false

[node name="ForcedTriggers" type="Node3D" parent="."]

[node name="ForcedTransitionArea" type="Area3D" parent="ForcedTriggers"]
script = ExtResource("20_yyrqs")

[node name="CollisionShape3D" type="CollisionShape3D" parent="ForcedTriggers/ForcedTransitionArea"]
transform = Transform3D(0.77352, 0, -0.633773, 0, 1, 0, 0.633773, 0, 0.77352, -50.8046, 9.11387, -43.8603)
shape = SubResource("BoxShape3D_snghy")
script = ExtResource("21_71h3e")

[node name="ForcedTransitionArea2" type="Area3D" parent="ForcedTriggers"]
transform = Transform3D(-0.29132, 0, -0.956626, 0, 1, 0, 0.956626, 0, -0.29132, 0, 0, 0)
script = ExtResource("20_yyrqs")

[node name="CollisionShape3D" type="CollisionShape3D" parent="ForcedTriggers/ForcedTransitionArea2"]
transform = Transform3D(0.77352, 0, -0.633773, 0, 1, 0, 0.633773, 0, 0.77352, -50.8046, 9.11387, -43.8603)
shape = SubResource("BoxShape3D_snghy")
script = ExtResource("21_71h3e")

[node name="ForcedTransitionArea3" type="Area3D" parent="ForcedTriggers"]
transform = Transform3D(-0.992593, 0, 0.121488, 0, 1, 0, -0.121488, 0, -0.992593, 0, 0, 0)
script = ExtResource("20_yyrqs")

[node name="CollisionShape3D" type="CollisionShape3D" parent="ForcedTriggers/ForcedTransitionArea3"]
transform = Transform3D(0.77352, 0, -0.633773, 0, 1, 0, 0.633773, 0, 0.77352, -45.2815, 9.11387, -43.9371)
shape = SubResource("BoxShape3D_snghy")
script = ExtResource("21_71h3e")

[node name="ForcedTransitionArea4" type="Area3D" parent="ForcedTriggers"]
transform = Transform3D(0.0715844, 0, 0.997434, 0, 1, 0, -0.997434, 0, 0.0715844, 0, 0, 0)
script = ExtResource("20_yyrqs")

[node name="CollisionShape3D" type="CollisionShape3D" parent="ForcedTriggers/ForcedTransitionArea4"]
transform = Transform3D(0.767255, 0, -0.641343, 0, 1, 0, 0.641343, 0, 0.767255, -48.0087, 9.11387, -46.6977)
shape = SubResource("BoxShape3D_snghy")
script = ExtResource("21_71h3e")

[node name="DreamConditionEnemy" parent="." instance=ExtResource("9_dvyyt")]
pass_if_key_is_present = false
required_position = Vector2i(0, 0)

[node name="ChasingEnemy" parent="DreamConditionEnemy" instance=ExtResource("22_np557")]
transform = Transform3D(0.0846343, 0, -0.996412, 0, 1, 0, 0.996412, 0, 0.0846343, 19.6504, 0.620133, -21.2266)
chase_speed = 0.8
activation_direction_threshold = 0.5
check_los = false
escape_distance = 15.0

[node name="Skeleton3D" parent="DreamConditionEnemy/ChasingEnemy/Armature" index="0"]
bones/0/position = Vector3(0, 14.3803, -339.068)
bones/0/rotation = Quaternion(-0.707107, 0, 0, 0.707107)
bones/1/rotation = Quaternion(-0.0242954, 0, 0, 0.999705)
bones/2/rotation = Quaternion(0, 0, 0, 1)
bones/3/position = Vector3(0, 49.4718, 1.90735e-06)
bones/3/rotation = Quaternion(1.86265e-09, 0, 0, 1)
bones/4/position = Vector3(0, 55.6557, -6.19888e-06)
bones/4/rotation = Quaternion(0.0242954, 0, 0, 0.999705)
bones/5/position = Vector3(0, 28.7281, 1.21734)
bones/5/rotation = Quaternion(0, 0, 0, 1)
bones/6/position = Vector3(0, 73.0855, 3.09696)
bones/7/position = Vector3(26.0915, 48.0007, -0.468936)
bones/7/rotation = Quaternion(-0.564494, -0.422806, 0.57505, -0.414607)
bones/7/scale = Vector3(1, 1, 1)
bones/8/position = Vector3(-1.19209e-07, 52.8348, -3.06368e-05)
bones/8/rotation = Quaternion(-0.144731, 0.000217327, -0.00148634, 0.98947)
bones/8/scale = Vector3(1, 1, 1)
bones/9/position = Vector3(7.15256e-07, 81.6416, -1.42157e-05)
bones/9/rotation = Quaternion(-0.019602, 3.41356e-05, -0.00173682, 0.999806)
bones/10/position = Vector3(-2.74181e-06, 83.5224, -7.36266e-05)
bones/10/rotation = Quaternion(0.00902364, 0.000209966, 0.0232571, 0.999689)
bones/10/scale = Vector3(1, 1, 1)
bones/11/position = Vector3(1.43051e-06, 23.8602, -2.07797e-05)
bones/11/rotation = Quaternion(-0.116289, 0.010262, -0.087304, 0.989318)
bones/12/position = Vector3(1.12578e-05, 10.8247, 0.00012091)
bones/12/rotation = Quaternion(2.82307e-08, -4.23752e-08, -7.07805e-08, 1)
bones/13/rotation = Quaternion(4.85219e-07, 5.82077e-08, 4.91273e-08, 1)
bones/14/position = Vector3(-0.190866, 10.2392, 1.50626)
bones/15/position = Vector3(-26.0915, 47.9913, -0.276119)
bones/15/rotation = Quaternion(0.56673, -0.421085, 0.573001, 0.416142)
bones/16/position = Vector3(1.96695e-06, 52.8348, -1.97589e-05)
bones/16/rotation = Quaternion(-0.145007, -0.00115615, 0.00788869, 0.989398)
bones/17/position = Vector3(-2.38419e-07, 81.6509, 1.50055e-05)
bones/17/rotation = Quaternion(-0.0194372, 3.57564e-05, -0.00183534, 0.999809)
bones/18/position = Vector3(3.8147e-06, 83.517, -3.46228e-05)
bones/18/rotation = Quaternion(-0.0144134, 0.000277061, -0.0192212, 0.999711)
bones/18/scale = Vector3(1, 1, 1)
bones/19/position = Vector3(-2.02656e-06, 24.3528, -8.48621e-06)
bones/19/rotation = Quaternion(0.0172028, 0.00173105, 0.100108, 0.994826)
bones/20/position = Vector3(8.28505e-06, 10.8888, 0.000112455)
bones/20/rotation = Quaternion(9.56934e-08, 4.73228e-08, 4.00905e-08, 1)
bones/21/position = Vector3(3.06244, 15.2589, -0.9689)
bones/21/rotation = Quaternion(1.91852e-07, -9.02801e-08, -5.88479e-08, 1)
bones/22/position = Vector3(0.390366, 10.0607, 1.58918)
bones/23/rotation = Quaternion(0.000131742, 0.00777205, 0.999826, -0.0169477)
bones/23/scale = Vector3(1, 1, 1)
bones/24/position = Vector3(-2.07173e-06, 161.372, -3.75352e-07)
bones/24/rotation = Quaternion(-0.0353403, 0.000349276, -0.00988728, 0.999326)
bones/24/scale = Vector3(1, 1, 1)
bones/25/rotation = Quaternion(0.553881, 0.0190968, -0.0127089, 0.83228)
bones/25/scale = Vector3(1, 1, 1)
bones/26/rotation = Quaternion(0.22289, 0.000661626, -0.000151266, 0.974843)
bones/28/rotation = Quaternion(-9.56062e-05, 0.00564285, 0.99984, 0.0169489)
bones/28/scale = Vector3(1, 1, 1)
bones/29/rotation = Quaternion(-0.0341749, -0.000337215, 0.00989055, 0.999367)
bones/29/scale = Vector3(1, 1, 1)
bones/30/position = Vector3(2.09286e-07, 140.333, -2.98023e-08)
bones/30/rotation = Quaternion(0.556997, -0.0187487, 0.0125788, 0.830208)
bones/30/scale = Vector3(1, 1, 1)
bones/31/rotation = Quaternion(0.220177, -0.00156051, 0.000352283, 0.975459)
bones/32/position = Vector3(-2.03261e-06, 17.5449, -2.30782e-06)

[node name="Cube" parent="DreamConditionEnemy/ChasingEnemy/Armature/Skeleton3D" index="0"]
surface_material_override/0 = SubResource("ShaderMaterial_nhtsf")

[node name="CollisionShape3D" parent="DreamConditionEnemy/ChasingEnemy/Area3D" index="0"]
shape = SubResource("BoxShape3D_d52nd")

[node name="ChasingEnemy" parent="." instance=ExtResource("22_np557")]
transform = Transform3D(-0.724052, 0, 0.689746, 0, 1, 0, -0.689746, 0, -0.724052, 37.8962, -3.13478, 33.4847)
check_los = false

[node name="ChasingEnemy2" parent="." instance=ExtResource("22_np557")]
transform = Transform3D(-0.88796, 0, -0.459921, 0, 1, 0, 0.459921, 0, -0.88796, -27.3098, 2.17203, 20.7625)
check_los = false

[node name="Skeleton3D" parent="ChasingEnemy2/Armature" index="0"]
bones/0/position = Vector3(0, 14.3803, -339.068)
bones/0/rotation = Quaternion(-0.707107, 0, 0, 0.707107)
bones/1/rotation = Quaternion(-0.0242954, 0, 0, 0.999705)
bones/2/rotation = Quaternion(0, 0, 0, 1)
bones/3/position = Vector3(0, 49.4718, 1.90735e-06)
bones/3/rotation = Quaternion(1.86265e-09, 0, 0, 1)
bones/4/position = Vector3(0, 55.6557, -6.19888e-06)
bones/4/rotation = Quaternion(0.0242954, 0, 0, 0.999705)
bones/5/position = Vector3(0, 28.7281, 1.21734)
bones/5/rotation = Quaternion(0, 0, 0, 1)
bones/6/position = Vector3(0, 73.0855, 3.09696)
bones/7/position = Vector3(26.0915, 48.0007, -0.468936)
bones/7/rotation = Quaternion(-0.564494, -0.422806, 0.57505, -0.414607)
bones/7/scale = Vector3(1, 1, 1)
bones/8/position = Vector3(-1.19209e-07, 52.8348, -3.06368e-05)
bones/8/rotation = Quaternion(-0.144731, 0.000217327, -0.00148634, 0.98947)
bones/8/scale = Vector3(1, 1, 1)
bones/9/position = Vector3(7.15256e-07, 81.6416, -1.42157e-05)
bones/9/rotation = Quaternion(-0.019602, 3.41356e-05, -0.00173682, 0.999806)
bones/10/position = Vector3(-2.74181e-06, 83.5224, -7.36266e-05)
bones/10/rotation = Quaternion(0.00902364, 0.000209966, 0.0232571, 0.999689)
bones/10/scale = Vector3(1, 1, 1)
bones/11/position = Vector3(1.43051e-06, 23.8602, -2.07797e-05)
bones/11/rotation = Quaternion(-0.116289, 0.010262, -0.087304, 0.989318)
bones/12/position = Vector3(1.12578e-05, 10.8247, 0.00012091)
bones/12/rotation = Quaternion(2.82307e-08, -4.23752e-08, -7.07805e-08, 1)
bones/13/rotation = Quaternion(4.85219e-07, 5.82077e-08, 4.91273e-08, 1)
bones/14/position = Vector3(-0.190866, 10.2392, 1.50626)
bones/15/position = Vector3(-26.0915, 47.9913, -0.276119)
bones/15/rotation = Quaternion(0.56673, -0.421085, 0.573001, 0.416142)
bones/16/position = Vector3(1.96695e-06, 52.8348, -1.97589e-05)
bones/16/rotation = Quaternion(-0.145007, -0.00115615, 0.00788869, 0.989398)
bones/17/position = Vector3(-2.38419e-07, 81.6509, 1.50055e-05)
bones/17/rotation = Quaternion(-0.0194372, 3.57564e-05, -0.00183534, 0.999809)
bones/18/position = Vector3(3.8147e-06, 83.517, -3.46228e-05)
bones/18/rotation = Quaternion(-0.0144134, 0.000277061, -0.0192212, 0.999711)
bones/18/scale = Vector3(1, 1, 1)
bones/19/position = Vector3(-2.02656e-06, 24.3528, -8.48621e-06)
bones/19/rotation = Quaternion(0.0172028, 0.00173105, 0.100108, 0.994826)
bones/20/position = Vector3(8.28505e-06, 10.8888, 0.000112455)
bones/20/rotation = Quaternion(9.56934e-08, 4.73228e-08, 4.00905e-08, 1)
bones/21/position = Vector3(3.06244, 15.2589, -0.9689)
bones/21/rotation = Quaternion(1.91852e-07, -9.02801e-08, -5.88479e-08, 1)
bones/22/position = Vector3(0.390366, 10.0607, 1.58918)
bones/23/rotation = Quaternion(0.000131742, 0.00777205, 0.999826, -0.0169477)
bones/23/scale = Vector3(1, 1, 1)
bones/24/position = Vector3(-2.07173e-06, 161.372, -3.75352e-07)
bones/24/rotation = Quaternion(-0.0353403, 0.000349276, -0.00988728, 0.999326)
bones/24/scale = Vector3(1, 1, 1)
bones/25/rotation = Quaternion(0.553881, 0.0190968, -0.0127089, 0.83228)
bones/25/scale = Vector3(1, 1, 1)
bones/26/rotation = Quaternion(0.22289, 0.000661626, -0.000151266, 0.974843)
bones/28/rotation = Quaternion(-9.56062e-05, 0.00564285, 0.99984, 0.0169489)
bones/28/scale = Vector3(1, 1, 1)
bones/29/rotation = Quaternion(-0.0341749, -0.000337215, 0.00989055, 0.999367)
bones/29/scale = Vector3(1, 1, 1)
bones/30/position = Vector3(2.09286e-07, 140.333, -2.98023e-08)
bones/30/rotation = Quaternion(0.556997, -0.0187487, 0.0125788, 0.830208)
bones/30/scale = Vector3(1, 1, 1)
bones/31/rotation = Quaternion(0.220177, -0.00156051, 0.000352283, 0.975459)
bones/32/position = Vector3(-2.03261e-06, 17.5449, -2.30782e-06)

[node name="Cube" parent="ChasingEnemy2/Armature/Skeleton3D" index="0"]
surface_material_override/0 = SubResource("ShaderMaterial_srk7p")

[node name="CollisionShape3D" parent="ChasingEnemy2/Area3D" index="0"]
shape = SubResource("SphereShape3D_rymmx")

[node name="ChasingEnemy3" parent="." instance=ExtResource("22_np557")]
transform = Transform3D(1, 0, 0, 0, 1, 0, 0, 0, 1, 14.8821, 1.60195, 24.3749)
check_los = false

[node name="Skeleton3D" parent="ChasingEnemy3/Armature" index="0"]
bones/0/position = Vector3(0, 14.3803, -339.068)
bones/0/rotation = Quaternion(-0.707107, 0, 0, 0.707107)
bones/1/rotation = Quaternion(-0.0242954, 0, 0, 0.999705)
bones/2/rotation = Quaternion(0, 0, 0, 1)
bones/3/position = Vector3(0, 49.4718, 1.90735e-06)
bones/3/rotation = Quaternion(1.86265e-09, 0, 0, 1)
bones/4/position = Vector3(0, 55.6557, -6.19888e-06)
bones/4/rotation = Quaternion(0.0242954, 0, 0, 0.999705)
bones/5/position = Vector3(0, 28.7281, 1.21734)
bones/5/rotation = Quaternion(0, 0, 0, 1)
bones/6/position = Vector3(0, 73.0855, 3.09696)
bones/7/position = Vector3(26.0915, 48.0007, -0.468936)
bones/7/rotation = Quaternion(-0.564494, -0.422806, 0.57505, -0.414607)
bones/7/scale = Vector3(1, 1, 1)
bones/8/position = Vector3(-1.19209e-07, 52.8348, -3.06368e-05)
bones/8/rotation = Quaternion(-0.144731, 0.000217327, -0.00148634, 0.98947)
bones/8/scale = Vector3(1, 1, 1)
bones/9/position = Vector3(7.15256e-07, 81.6416, -1.42157e-05)
bones/9/rotation = Quaternion(-0.019602, 3.41356e-05, -0.00173682, 0.999806)
bones/10/position = Vector3(-2.74181e-06, 83.5224, -7.36266e-05)
bones/10/rotation = Quaternion(0.00902364, 0.000209966, 0.0232571, 0.999689)
bones/10/scale = Vector3(1, 1, 1)
bones/11/position = Vector3(1.43051e-06, 23.8602, -2.07797e-05)
bones/11/rotation = Quaternion(-0.116289, 0.010262, -0.087304, 0.989318)
bones/12/position = Vector3(1.12578e-05, 10.8247, 0.00012091)
bones/12/rotation = Quaternion(2.82307e-08, -4.23752e-08, -7.07805e-08, 1)
