[gd_scene load_steps=25 format=3 uid="uid://bvge3g0uemu4"]

[ext_resource type="PackedScene" uid="uid://bhs0hsqqfyrkg" path="res://scenes/interactables/direction_trigger.tscn" id="1_fluer"]
[ext_resource type="Texture2D" uid="uid://bgrxkyvd3cqx0" path="res://AllSkyFree/Skyboxes/AllSkyFree_Sky_EpicBlueSunset_Equirect.png" id="1_qc3ga"]
[ext_resource type="Material" uid="uid://c2m4epboidckj" path="res://materials/forest_dirt.tres" id="2_3gd4s"]
[ext_resource type="PackedScene" uid="uid://u1oag7kvh8se" path="res://scenes/dream_grid_representation.tscn" id="2_28p3k"]
[ext_resource type="AudioStream" uid="uid://deqyihaddcvn7" path="res://sounds/forest_ambience.ogg" id="3_nkahr"]
[ext_resource type="Texture2D" uid="uid://v36pa45uyma0" path="res://sourceModels/forestGroundDirt.png" id="3_rpefc"]
[ext_resource type="PackedScene" uid="uid://2vxbufrwivfy" path="res://scenes/props/gradient_box.tscn" id="6_7sc1d"]
[ext_resource type="PackedScene" uid="uid://73jr560nuv86" path="res://models/forest_generic.tscn" id="7_nxmob"]
[ext_resource type="PackedScene" uid="uid://1il5btkm7phy" path="res://sourceModels/firTreeDowned.glb" id="9_aqqpy"]
[ext_resource type="PackedScene" uid="uid://cy2xa1bl7xp6i" path="res://sourceModels/Forest/FencePillarSign.glb" id="10_0t730"]
[ext_resource type="PackedScene" uid="uid://c2tu4ks6lbr0u" path="res://sourceModels/Forest/FencePillar.glb" id="11_qmtik"]
[ext_resource type="PackedScene" uid="uid://b2uisjwpcaqs8" path="res://sourceModels/Forest/FencePost.glb" id="12_t8p7v"]
[ext_resource type="PackedScene" uid="uid://dwb8n4ceda6ug" path="res://sourceModels/Forest/FenceBars.glb" id="13_qjvvq"]

[sub_resource type="PanoramaSkyMaterial" id="PanoramaSkyMaterial_ho3ki"]
panorama = ExtResource("1_qc3ga")

[sub_resource type="Sky" id="Sky_2tymr"]
sky_material = SubResource("PanoramaSkyMaterial_ho3ki")

[sub_resource type="Environment" id="Environment_lp2w8"]
background_mode = 2
sky = SubResource("Sky_2tymr")
ambient_light_source = 2
ambient_light_color = Color(0, 0.466667, 0.705882, 1)
ambient_light_energy = 0.79
tonemap_white = 0.25
glow_enabled = true
fog_enabled = true
fog_light_color = Color(0.261719, 0.675781, 0.972656, 1)
fog_sun_scatter = 0.15
fog_aerial_perspective = 0.859
adjustment_enabled = true
adjustment_brightness = 1.06
adjustment_contrast = 1.31
adjustment_saturation = 1.15

[sub_resource type="FastNoiseLite" id="FastNoiseLite_ujr4y"]

[sub_resource type="NoiseTexture2D" id="NoiseTexture2D_ohmkj"]
noise = SubResource("FastNoiseLite_ujr4y")

[sub_resource type="StandardMaterial3D" id="StandardMaterial3D_m0d0y"]
albedo_color = Color(0.364706, 0.32549, 0.294118, 1)
albedo_texture = SubResource("NoiseTexture2D_ohmkj")

[sub_resource type="StandardMaterial3D" id="StandardMaterial3D_e7q65"]
albedo_color = Color(0.364706, 0.32549, 0.294118, 1)
albedo_texture = SubResource("NoiseTexture2D_ohmkj")

[sub_resource type="StandardMaterial3D" id="StandardMaterial3D_xtsqx"]
albedo_color = Color(0.364706, 0.32549, 0.294118, 1)
albedo_texture = SubResource("NoiseTexture2D_ohmkj")

[sub_resource type="StandardMaterial3D" id="StandardMaterial3D_ckpgi"]
albedo_color = Color(0.364706, 0.32549, 0.294118, 1)
albedo_texture = SubResource("NoiseTexture2D_ohmkj")

[sub_resource type="StandardMaterial3D" id="StandardMaterial3D_fse2b"]
albedo_color = Color(0.709804, 0.709804, 0.709804, 1)
albedo_texture = ExtResource("3_rpefc")
uv1_scale = Vector3(0.25, 0.25, 0.25)
uv1_triplanar = true
uv1_world_triplanar = true
uv2_scale = Vector3(0.5, 0.5, 0.5)
uv2_triplanar = true
uv2_world_triplanar = true
texture_filter = 2

[sub_resource type="StandardMaterial3D" id="StandardMaterial3D_n10dk"]
albedo_color = Color(0.709804, 0.709804, 0.709804, 1)
albedo_texture = ExtResource("3_rpefc")
uv1_scale = Vector3(0.25, 0.25, 0.25)
uv1_triplanar = true
uv1_world_triplanar = true
uv2_scale = Vector3(0.5, 0.5, 0.5)
uv2_triplanar = true
uv2_world_triplanar = true
texture_filter = 2

[node name="Theater" type="Node3D"]

[node name="DirectionalLight3D" type="DirectionalLight3D" parent="."]
transform = Transform3D(-0.866023, -0.433016, 0.250001, 0, 0.499998, 0.866027, -0.500003, 0.749999, -0.43301, 0, 0, 0)
shadow_enabled = true

[node name="WorldEnvironment" type="WorldEnvironment" parent="."]
environment = SubResource("Environment_lp2w8")

[node name="PlayerSpawnUp" type="Node3D" parent="."]
transform = Transform3D(0.957047, 0, -0.289934, 0, 1, 0, 0.289934, 0, 0.957047, 24.6975, 0.116085, -59.8395)

[node name="PlayerSpawnDown" type="Node3D" parent="."]
transform = Transform3D(-0.867375, 0, 0.497655, 0, 1, 0, -0.497655, 0, -0.867375, -20.5917, 0.381143, 51.4509)

[node name="PlayerSpawnRight" type="Node3D" parent="."]
transform = Transform3D(0.782097, 0, -0.623156, 0, 1, 0, 0.623156, 0, 0.782097, 54.2139, -2.43011, -2.62211)

[node name="PlayerSpawnLeft" type="Node3D" parent="."]
transform = Transform3D(-0.566536, 0, 0.824037, 0, 1, 0, -0.824037, 0, -0.566536, -54.4156, 2.92876, 13.0078)

[node name="CSGBox3D" type="CSGBox3D" parent="."]
transform = Transform3D(2, 0, 0, 0, 2, 0, 0, 0, 2, -2, 1.617, 0.269625)
size = Vector3(1.1, 1.1, 0.15)
material = SubResource("StandardMaterial3D_m0d0y")

[node name="CSGBox3D2" type="CSGBox3D" parent="CSGBox3D"]
transform = Transform3D(1, 0, 0, 0, 1, 0, 0, 0, 1, 0, 0, -0.2)
operation = 2
size = Vector3(1, 1, 0.45)
material = SubResource("StandardMaterial3D_e7q65")

[node name="CSGBox3D3" type="CSGBox3D" parent="CSGBox3D"]
transform = Transform3D(1, 0, 0, 0, 1, 0, 0, 0, 1, 0.525, -1, 0)
size = Vector3(0.05, 1.1, 0.15)
material = SubResource("StandardMaterial3D_xtsqx")

[node name="CSGBox3D4" type="CSGBox3D" parent="CSGBox3D"]
transform = Transform3D(1, 0, 0, 0, 1, 0, 0, 0, 1, -0.525, -1, 0)
size = Vector3(0.05, 1.1, 0.15)
material = SubResource("StandardMaterial3D_ckpgi")

[node name="DreamGridRepresentation" parent="." instance=ExtResource("2_28p3k")]
transform = Transform3D(1.4, 0, 0, 0, 1.4, 0, 0, 0, 1.4, -2, 1.637, 0.269625)
grid_scale = Vector2(1, 1)

[node name="Blockout" type="Node3D" parent="."]
transform = Transform3D(-1, 0, -1.50996e-07, 0, 1, 0, 1.50996e-07, 0, -1, 0, -3.60132, 0)
visible = false

[node name="Building" type="CSGBox3D" parent="Blockout"]
transform = Transform3D(1, 0, 0, 0, 1, 0, 0, 0, 1, 0, 1, 0)
use_collision = true
size = Vector3(80, 2, 80)
material = ExtResource("2_3gd4s")

[node name="CSGBox3D2" type="CSGBox3D" parent="Blockout/Building"]
transform = Transform3D(1, 0, -1.42109e-14, 0, 1, 0, 1.42109e-14, 0, 1, 0, 0.2, 0)
operation = 2
use_collision = true
size = Vector3(79, 2, 79)
material = ExtResource("2_3gd4s")

[node name="CSGBox3D3" type="CSGBox3D" parent="Blockout/Building"]
transform = Transform3D(1, 0, -1.42109e-14, 0, 1, 0, 1.42109e-14, 0, 1, 0, -1.2, 0)
use_collision = true
size = Vector3(3, 1, 79)
material = SubResource("StandardMaterial3D_fse2b")

[node name="CSGBox3D4" type="CSGBox3D" parent="Blockout/Building"]
transform = Transform3D(-4.37114e-08, 0, -1, 0, 1, 0, 1, 0, -4.37114e-08, 0, -1.2, 0)
use_collision = true
size = Vector3(3, 1, 79)
material = SubResource("StandardMaterial3D_fse2b")

[node name="CSGCylinder3D" type="CSGCylinder3D" parent="Blockout/Building"]
transform = Transform3D(1, 0, 0, 0, 1, 0, 0, 0, 1, 0, -1.2, 0)
radius = 8.0
height = 1.0
sides = 16
material = SubResource("StandardMaterial3D_n10dk")

[node name="AmbientSound" type="AudioStreamPlayer3D" parent="."]
transform = Transform3D(1, 0, 0, 0, 1, 0, 0, 0, 1, 0, 2, -10)
stream = ExtResource("3_nkahr")
attenuation_model = 3
volume_db = -14.0
unit_size = 100.0
autoplay = true
panning_strength = 0.4
bus = &"SFX"

[node name="SceneTrigger" parent="." instance=ExtResource("1_fluer")]
transform = Transform3D(0.947378, 0, -0.320117, 0, 1, 0, 0.320117, 0, 0.947378, -22.2353, 0.781336, 56.9688)
grid_direction = Vector2i(0, -1)
proximity_trigger = true
show_mesh = false
show_arrow = false

[node name="GradientBox" parent="SceneTrigger" instance=ExtResource("6_7sc1d")]
transform = Transform3D(-3.49691e-07, 0, 3, 0, 3, 0, -8, 0, -1.31134e-07, 0, -0.7, 5)

[node name="SceneTrigger2" parent="." instance=ExtResource("1_fluer")]
transform = Transform3D(-0.030556, 0, 0.999533, 0, 1, 0, -0.999533, 0, -0.030556, 60.4578, -2.24864, -4.50077)
grid_direction = Vector2i(-1, 0)
proximity_trigger = true
show_mesh = false
show_arrow = false

[node name="GradientBox" parent="SceneTrigger2" instance=ExtResource("6_7sc1d")]
transform = Transform3D(-3.49691e-07, 0, 3, 0, 3, 0, -8, 0, -1.31134e-07, 0, -0.7, 5)

[node name="SceneTrigger3" parent="." instance=ExtResource("1_fluer")]
transform = Transform3D(-1, 0, -1.50996e-07, 0, 1, 0, 1.50996e-07, 0, -1, 25.5814, 0.610639, -65.7687)
proximity_trigger = true
show_mesh = false
show_arrow = false

[node name="GradientBox" parent="SceneTrigger3" instance=ExtResource("6_7sc1d")]
transform = Transform3D(-3.49691e-07, 0, 3, 0, 3, 0, -8, 0, -1.31134e-07, 0, -0.7, 5)

[node name="SceneTrigger4" parent="." instance=ExtResource("1_fluer")]
transform = Transform3D(0.293456, 0, -0.955972, 0, 1, 0, 0.955972, 0, 0.293456, -59.7468, 3.08117, 15.4846)
grid_direction = Vector2i(1, 0)
proximity_trigger = true
show_mesh = false
show_arrow = false

[node name="GradientBox" parent="SceneTrigger4" instance=ExtResource("6_7sc1d")]
transform = Transform3D(-3.49691e-07, 0, 3, 0, 3, 0, -8, 0, -1.31134e-07, 0, -0.7, 5)

[node name="ForestGeneric" parent="." instance=ExtResource("7_nxmob")]
transform = Transform3D(1.8, 0, 0, 0, 1.8, 0, 0, 0, 1.8, 0, 0, 0)

[node name="firTreeDowned" parent="." instance=ExtResource("9_aqqpy")]
transform = Transform3D(-0.707309, 0, -2.91543, 0, 3, 0, 2.91543, 0, -0.707309, -6.21897, -0.107332, 9.96296)

[node name="firTreeDowned2" parent="." instance=ExtResource("9_aqqpy")]
transform = Transform3D(0.994952, -0.102673, 2.82834, 0, 2.99803, 0.108832, -2.83021, -0.0360943, 0.994297, 1.2242, -0.0470739, -13.1966)

[node name="FencePillarSign" parent="." instance=ExtResource("10_0t730")]
transform = Transform3D(0.0791724, 0, 0.996861, 0, 1, 0, -0.996861, 0, 0.0791724, -10.5968, -0.28909, -0.530688)

[node name="FencePillar" parent="." instance=ExtResource("11_qmtik")]
transform = Transform3D(0.965926, 0, 0.258819, 0, 1, 0, -0.258819, 0, 0.965926, -10.6169, -0.311409, 0.985122)

[node name="FencePost" parent="." instance=ExtResource("12_t8p7v")]
transform = Transform3D(0.866025, 0, 0.5, 0, 1, 0, -0.5, 0, 0.866025, -8.93479, -0.254571, 5.0367)

[node name="FencePost8" parent="." instance=ExtResource("12_t8p7v")]
transform = Transform3D(0.939693, 0, 0.34202, 0, 1, 0, -0.34202, 0, 0.939693, -10.0348, -0.254571, 3.13145)

[node name="FencePost2" parent="." instance=ExtResource("12_t8p7v")]
transform = Transform3D(0.984808, 0, 0.173648, 0, 1, 0, -0.173648, 0, 0.984808, -8.5465, -0.255, 7.06181)

[node name="FenceBars" parent="." instance=ExtResource("13_qjvvq")]
transform = Transform3D(0.258819, 0, -0.965926, 0, 1, 0, 0.965926, 0, 0.258819, -10.0711, -0.143894, 3.01616)

[node name="FenceBars8" parent="." instance=ExtResource("13_qjvvq")]
transform = Transform3D(-0.0272287, 0, -0.999239, 0, 1, 0, 0.69736, 0, -0.0390157, -10.6414, -0.143894, 0.887574)

[node name="FenceBars9" parent="." instance=ExtResource("13_qjvvq")]
transform = Transform3D(-0.15284, 0, -0.992036, 0, 1, 0, 1.20377, 0, -0.125957, -10.6321, -0.143894, -0.590285)

[node name="FenceBars4" parent="." instance=ExtResource("13_qjvvq")]
transform = Transform3D(0.85406, 0, 0.520175, 0, 1, 0, -0.520175, 0, 0.85406, -10.3841, -0.143894, -3.00316)

[node name="FenceBars2" parent="." instance=ExtResource("13_qjvvq")]
transform = Transform3D(-0.5, 0, 0.866025, 0, 1, 0, -0.866025, 0, -0.5, -10.0104, -0.143894, 3.24251)

[node name="FenceBars3" parent="." instance=ExtResource("13_qjvvq")]
transform = Transform3D(-0.173648, 0, 0.984808, 0, 1, 0, -0.984808, 0, -0.173648, -8.89459, -0.143894, 5.05568)

[node name="FencePost3" parent="." instance=ExtResource("12_t8p7v")]
transform = Transform3D(0.768306, 0, -0.640083, 0, 1, 0, 0.640083, 0, 0.768306, -8.59811, -0.254571, -4.08518)

[node name="FencePost5" parent="." instance=ExtResource("12_t8p7v")]
transform = Transform3D(0.645484, 0, -0.763774, 0, 1, 0, 0.763774, 0, 0.645484, -6.97537, -0.254571, -5.5033)

[node name="FencePost6" parent="." instance=ExtResource("12_t8p7v")]
transform = Transform3D(0.709595, 0, -0.704609, 0, 1, 0, 0.704609, 0, 0.709595, -5.35799, -0.254571, -7.07502)

[node name="FencePost4" parent="." instance=ExtResource("12_t8p7v")]
transform = Transform3D(0.50305, 0, -0.864257, 0, 1, 0, 0.864257, 0, 0.50305, -10.3645, -0.255, -3.02145)

[node name="FencePost7" parent="." instance=ExtResource("12_t8p7v")]
transform = Transform3D(0.50305, 0, -0.864257, 0, 1, 0, 0.864257, 0, 0.50305, -12.0932, -0.255, -1.9629)

[node name="FenceBars5" parent="." instance=ExtResource("13_qjvvq")]
transform = Transform3D(0.763773, 0, 0.645484, 0, 1, 0, -0.645484, 0, 0.763773, -7.04259, -0.143894, -5.42653)

[node name="FenceBars7" parent="." instance=ExtResource("13_qjvvq")]
transform = Transform3D(-0.704609, 0, -0.709596, 0, 1, 0, 0.709596, 0, -0.704609, -6.81345, -0.143894, -5.62017)

[node name="FenceBars6" parent="." instance=ExtResource("13_qjvvq")]
transform = Transform3D(0.864257, 0, 0.50305, 0, 1, 0, -0.50305, 0, 0.864257, -8.60204, -0.143894, -4.04091)
